47,3
47,2
47,1
47,0
46,3
46,2
46,1
46,0
45,5
45,4
45,3
45,2
45,1
45,0
44,4
44,3
44,2
44,1
44,0
0,425
43,4
43,3
43,2
43,1
43,0
42,4
0,424
0,423
42,3
42,2
0,422
42,1
42,0
41,3
41,2
0,421
41,1
41,0
0,420
0,419
0,418
0,417
0,416
0,415
0,414
0,413
0,412
0,411
0,410
40,3
40,2
0,409
0,408
40,1
40,0
0,407
39,5
0,406
0,405
39,4
0,404
0,403
0,402
39,3
39,2
0,401
39,1
39,0
0,400
0,399
0,398
0,397
38,4
0,396
38,3
38,2
0,395
38,1
38,0
0,394
0,393
0,392
37,4
0,391
37,3
37,2
37,1
37,0
36,4
0,390
36,3
36,2
36,1
36,0
0,389
0,388
35,3
35,2
0,387
35,1
35,0
0,386
0,385
0,384
0,383
0,382
34,5
0,381
34,4
34,3
34,2
34,1
34,0
0,380
33,4
0,379
0,378
33,3
33,2
0,377
33,1
33,0
0,376
0,375
0,374
0,373
0,372
0,371
32,4
